0.716858266,
0.118541835,
0.346100992,
0.347091829,
0.176661241,
0.019583619,
-0.036810736,
-0.017230869,
0.012530942,
0.016394373,
-0.004458255,
-0.039750775,
-0.075154259,
-0.089369491,
-0.074510308,
-0.044631953,
-0.010657863,
0.028703835,
0.061622500,
0.063129072,
0.035985600,
0.015209228,
0.014558636,
0.008277294,
-0.016355778,
-0.032630795,
-0.022055525,
-0.005371575,
-0.002136151,
0.000944468,
0.016662969,
0.027737473,
0.016024807,
-0.006222562,
-0.017274624,
-0.016523228,
-0.014156599,
-0.009325824,
0.002861781,
0.016940477,
0.023335960,
0.019861669,
0.010549670,
0.000535716,
-0.006007107,
-0.008684242,
-0.010102025,
-0.009676145,
-0.003942912,
0.005317448,
0.010717984,
0.008847710,
0.003995364,
0.000929035,
-0.001096057,
-0.004569153,
-0.007374504,
-0.005079669,
0.001379423,
0.006068021,
0.006407587,
0.005274846,
0.004663610,
0.003241328,
0.000319310,
-0.002649092,
-0.004103789,
-0.003038186,
0.000014369,
0.002184981,
0.002272419,
0.002803148,
0.004475183,
0.003895548,
0.000055866,
-0.002755564,
-0.001818351,
-0.000222476,
-0.000692569,
-0.000810303,
0.001692150,
0.004245873,
0.003905755,
0.001923788,
0.000820265,
0.000507676,
-0.000404321,
-0.001711556,
-0.001858223,
-0.000435388,
0.001155051,
0.001889904,
0.002137294,
0.002083543,
0.001454225,
0.000789217,
0.000670981,
0.000513918,
0.000105601,
0.000335381,
0.001131618,
0.001392785,
0.001049827,
0.000793775,
0.000661428,
0.000483563,
0.000391820,
0.000114122,
-0.000476195,
-0.000301367,
0.000897836,
0.001092703,
-0.000150938,
-0.000038490,
0.001775169,
0.001789622,
-0.000402751,
-0.000839377,
0.001372545,
0.002326153,
0.000458751,
-0.000796663,
0.000771115,
0.002324490,
0.000964883,
-0.001170127,
-0.000450014,
0.001927866,
0.001878770,
-0.000480091,
-0.001345692,
0.000098328,
0.001119384,
0.000456951,
-0.000322570,
0.000106305,
0.001104782,
0.001446434,
0.000818578,
0.000001512,
0.000078207,
0.000998341,
0.001298437,
0.000203580,
-0.000828878,
-0.000272417,
0.000856874,
0.000664893,
-0.000320921,
-0.000052859,
0.001241596,
0.001314240,
-0.000011402,
-0.000620979,
0.000039776,
0.000555822,
0.000480938,
0.000396135,
0.000214633,
-0.000018334,
0.000453791,
0.001149038,
0.000618025,
-0.000372802,
0.000203693,
0.001383033,
0.000519263,
-0.001480852,
-0.001084209,
0.001582930,
0.002410695,
0.000212286,
-0.001153683,
0.000425800,
0.001577629,
-0.000254609,
-0.002066549,
-0.000628160,
0.001833410,
0.001445350,
-0.000566215,
-0.000424906,
0.001110080,
0.000774711,
-0.000718484,
-0.000537549,
0.000739767,
0.000792117,
0.000016218,
0.000103248,
0.000746994,
0.000726681,
0.000220094,
0.000062339,
0.000064219,
-0.000170597,
-0.000187474,
-0.000035120,
-0.000250167,
-0.000133325,
0.000704912,
0.000742687,
-0.000379139,
-0.000510244,
0.000832332,
0.001254291,
0.000010791,
-0.000818943,
-0.000193397,
0.000540635,
0.000210629,
-0.000431048,
-0.000090043,
0.000906476,
0.001094426,
0.000181794,
-0.000616877,
-0.000344523,
0.000556847,
0.000742239,
-0.000084023,
-0.000446728,
0.000325966,
0.000805650,
0.000171878,
-0.000485255,
-0.000545881,
-0.000329655,
0.000665839,
0.001549775,
-0.000695018,
-0.003367363,
0.001013771,
0.006833388,
-0.001183835,
-0.011790143,
0.005012430,
0.021279289,
-0.031634829,
0.015315004,
