0.033588847,
0.495594226,
0.303854337,
0.254879750,
0.370104133,
0.391294773,
0.215132437,
0.013631528,
-0.041535788,
-0.031674528,
-0.096923855,
-0.181128329,
-0.171499231,
-0.102443618,
-0.061564718,
-0.045215406,
-0.012659444,
0.026843914,
0.047299821,
0.050759552,
0.046570292,
0.035925071,
0.024007760,
0.016446819,
0.008764163,
-0.002726950,
-0.010274139,
-0.008452762,
-0.005736345,
-0.009197549,
-0.011281428,
-0.005998389,
-0.002269806,
-0.005569426,
-0.006201485,
0.000272231,
0.003596521,
-0.000198060,
-0.000665799,
0.006269896,
0.010275249,
0.006632114,
0.003864551,
0.006358469,
0.007983526,
0.004785290,
0.000426625,
-0.001271038,
-0.000734518,
0.000019528,
-0.001072919,
-0.004068865,
-0.004380377,
-0.000092771,
0.001991758,
-0.001563593,
-0.003070436,
0.001775007,
0.005462239,
0.002933341,
0.000457934,
0.003227989,
0.006160506,
0.004377180,
0.001567608,
0.001485366,
0.002223293,
0.001302023,
-0.000822652,
-0.002103808,
-0.002123178,
-0.001909604,
-0.001373746,
-0.000838819,
-0.000905046,
0.000105309,
0.002499061,
0.003255198,
0.002099206,
0.002257651,
0.003698266,
0.003372886,
0.001549215,
0.000806737,
0.001054715,
0.000811960,
-0.000033926,
-0.000645711,
-0.000265788,
0.000484687,
0.000584967,
0.000497179,
0.000759708,
0.001346052,
0.001749945,
0.001140495,
0.000683737,
0.001302818,
0.001205336,
0.000312838,
0.000256536,
0.000720501,
0.000747219,
0.000247277,
0.000158796,
0.000920673,
0.000997327,
0.000268005,
0.000520823,
0.001164528,
0.000765891,
0.000383196,
0.000755547,
0.000742441,
0.000378153,
0.000604488,
0.000784821,
0.000452722,
0.000452563,
0.000831810,
0.000856679,
0.000512065,
0.000546858,
0.000913732,
0.000621026,
0.000262813,
0.000722169,
0.000745099,
0.000210462,
0.000596777,
0.000990463,
0.000318274,
0.000292805,
0.001018778,
0.000657085,
0.000138449,
0.000640146,
0.000726898,
0.000305656,
0.000487082,
0.000525774,
0.000292167,
0.000517683,
0.000495551,
0.000182165,
0.000380064,
0.000567660,
0.000437568,
0.000439843,
0.000334700,
0.000377523,
0.000775196,
0.000478338,
-0.000035083,
0.000476402,
0.000804933,
0.000163727,
-0.000009065,
0.000537802,
0.000698796,
0.000358217,
0.000180013,
0.000502199,
0.000815007,
0.000503945,
0.000108783,
0.000342473,
0.000607914,
0.000372896,
0.000113583,
0.000050395,
0.000223902,
0.000520840,
0.000205763,
-0.000220452,
0.000418943,
0.000865125,
0.000050521,
-0.000120755,
0.000807928,
0.000702173,
-0.000068640,
0.000353355,
0.000831753,
0.000199554,
0.000029053,
0.000701078,
0.000494864,
-0.000291091,
0.000136357,
0.000800239,
0.000023106,
-0.000501538,
0.000422496,
0.000679806,
-0.000123449,
-0.000058184,
0.000499383,
0.000345374,
0.000091899,
0.000075703,
0.000098741,
0.000362415,
0.000343614,
-0.000144237,
-0.000006105,
0.000601633,
0.000326256,
-0.000355904,
0.000125426,
0.000887176,
0.000174762,
-0.000499053,
0.000333447,
0.000799921,
0.000077921,
-0.000232291,
0.000390697,
0.000643424,
-0.000054591,
-0.000126726,
0.000496667,
0.000073044,
-0.000231420,
0.000320954,
-0.000126619,
-0.000317837,
0.000694299,
-0.000235500,
-0.001201708,
0.001783668,
0.001393176,
-0.004301949,
0.000786791,
0.008450680,
-0.007590121,
-0.009130456,
0.027615044,
-0.025895959,
0.011550484,
