0.141362520,
0.580837700,
0.283995868,
0.009604191,
0.059720238,
0.206459347,
0.157160088,
-0.057457284,
-0.180710922,
-0.118975606,
-0.046815415,
-0.055573772,
-0.051538735,
0.001999105,
0.041837218,
0.043674950,
0.038255476,
0.037981049,
0.022878991,
-0.007272640,
-0.030373459,
-0.033519332,
-0.023739217,
-0.009561632,
0.000191765,
0.011105951,
0.028641870,
0.030658264,
0.011489842,
-0.005412559,
-0.012962858,
-0.012234805,
-0.024008607,
-0.031938530,
-0.009817432,
0.007008828,
0.016142572,
0.011917049,
0.014271774,
0.024068150,
0.006608889,
-0.008469723,
-0.016387901,
-0.014749490,
-0.008238394,
-0.009081759,
-0.000508514,
0.008256066,
0.009584518,
0.012423781,
0.010316736,
0.004560204,
-0.003769107,
-0.010001532,
-0.007644765,
-0.005694380,
-0.007696995,
-0.001857562,
0.004799156,
0.007047156,
0.006405958,
0.005424649,
0.005469833,
0.001416922,
-0.006968268,
-0.005027723,
-0.003704594,
-0.003521097,
-0.001788234,
-0.001848176,
0.003940428,
0.005205058,
0.001728710,
0.003036754,
-0.002659852,
-0.001265446,
-0.000742271,
-0.002925432,
0.000602975,
-0.002288776,
0.000715709,
0.005194142,
0.001723611,
0.001865299,
-0.000499087,
-0.000316795,
0.000543134,
-0.003797599,
-0.001566637,
0.001399846,
-0.000781802,
0.000378712,
0.000610874,
0.003156433,
0.003179980,
-0.002230001,
-0.002321509,
0.001411141,
-0.000812698,
-0.001827531,
-0.003581788,
0.000966540,
0.002942945,
-0.001067072,
-0.000432410,
0.003627913,
0.001570650,
-0.000900346,
-0.004725555,
0.002779882,
0.003046133,
-0.003367543,
-0.002330564,
0.000939972,
0.003646977,
0.001318832,
-0.004327672,
0.001732583,
0.002061793,
-0.001378733,
-0.001301356,
-0.002207983,
0.001973880,
0.001053790,
-0.003262653,
0.000911248,
0.002355452,
0.002084792,
-0.000170633,
-0.004004463,
0.000594557,
0.004068744,
-0.000166870,
-0.002204495,
-0.003402808,
0.002669788,
0.004899112,
-0.001085980,
-0.003757805,
-0.000094831,
0.001102931,
0.002021129,
-0.003138847,
-0.000202595,
-0.000419277,
0.001247891,
0.001611099,
0.000450634,
-0.001663012,
0.001358793,
-0.000641743,
0.002909463,
-0.003510279,
-0.001798016,
0.002335655,
0.000320790,
-0.000171101,
-0.000148035,
-0.000552984,
0.003451824,
-0.000764596,
-0.001835646,
0.001465016,
-0.001277284,
-0.000407282,
-0.000535910,
-0.000487309,
0.002565230,
-0.000978051,
-0.000604378,
0.002333913,
-0.000311056,
-0.000914866,
-0.000251425,
-0.000959368,
0.001038536,
-0.000467333,
0.000430508,
-0.000868975,
0.001246890,
0.002213898,
0.000709294,
-0.003302946,
0.000865713,
-0.000030358,
0.002925640,
-0.004889930,
0.000520324,
0.000015900,
0.003175201,
-0.001549535,
-0.000530647,
-0.002565423,
0.007121295,
-0.003587001,
-0.001814982,
0.000351139,
0.000322893,
0.003097178,
-0.002036731,
-0.002809079,
0.003878646,
0.001128317,
-0.001834822,
-0.000536862,
-0.001304821,
0.001579631,
0.000239273,
-0.002278444,
0.000970067,
0.001090776,
0.000703834,
0.000330492,
-0.000789474,
0.000451175,
0.000657402,
-0.001096533,
-0.001072430,
-0.000601528,
0.001749602,
-0.001151235,
0.000280115,
-0.000374901,
0.002668374,
-0.001147751,
-0.000445204,
-0.002304289,
0.006522659,
-0.006174281,
0.003309171,
-0.006818335,
0.009258769,
-0.005104909,
0.002811174,
-0.005272203,
0.006870331,
-0.006802572,
0.013072103,
-0.014126478,
0.004098114,
